2.668214086270972984e+01
5.202143003858834902e+01
7.615690444669925796e+01
9.919715177320284738e+01
1.211856208732027937e+02
1.411771551268456903e+02
1.472075082640024561e+02
1.481913189535610229e+02
1.539337810192947416e+02
1.376295597405750186e+02
1.324677318830970307e+02
1.297299599050303414e+02
1.318519738130751762e+02
1.340701631519530395e+02
1.321946827246413818e+02
1.356638438531204542e+02
1.412147192605642090e+02
1.457870147068757376e+02
1.605219442165303008e+02
1.345575133988882897e+02
1.172144208365703832e+02
1.227031379889522782e+02
1.299369123980727636e+02
1.386701746940300382e+02
1.369001633332683241e+02
1.315819866583763087e+02
1.380235879892476589e+02
1.717647355282140325e+02
1.647909544218566111e+02
1.447882362386596355e+02
1.297258433343696424e+02
1.317220998388539499e+02
1.419963972567263113e+02
1.435839901889000885e+02
1.506899163332010687e+02
1.500279227485762021e+02
1.465484073446286288e+02
1.487280327078496214e+02
1.546272745871413008e+02
1.484305321414519199e+02
1.439779734374917552e+02
1.428926821429570282e+02
1.336331963382385197e+02
1.298661397311693406e+02
1.326224807558975840e+02
1.406914583790476172e+02
1.462833366773227510e+02
1.473853857987073468e+02
1.498469660350776849e+02
1.562295068307276722e+02
1.519302347429661779e+02
1.478801576271673355e+02
1.436009533832413467e+02
1.459495039121511866e+02
1.471729206829955388e+02
1.474914143501921728e+02
1.221728102844983539e+02
1.116381280641103615e+02
1.135307547462654725e+02
1.165351662167498716e+02
1.186830903046566590e+02
1.275132438905972379e+02
1.334186084138664228e+02
1.407335668931898454e+02
1.463301274103130822e+02
1.495469592207618916e+02
1.488037333192179688e+02
1.484650111628050695e+02
1.411399109550699791e+02
1.435769647910911146e+02
1.583537500082687757e+02
1.425621160491080275e+02
1.440672580851581301e+02
1.426967446785911875e+02
1.478448199754861889e+02
1.512033298708066411e+02
1.518254972629373469e+02
1.515880430700989336e+02
1.532279050090170927e+02
1.440961369881074177e+02
1.478249254833134501e+02
1.623865441640159872e+02
1.405477796528126362e+02
1.318838002408717216e+02
1.316330527756333311e+02
1.422140500740434845e+02
1.436681359283557526e+02
1.497481568358766140e+02
1.460431390828522353e+02
1.459264027035515028e+02
1.509923366419524768e+02
1.567720880849720402e+02
1.569531251302099122e+02
1.463230407710579470e+02
1.489323176531252102e+02
1.469264594584793997e+02
1.445135582825606662e+02
1.409841552531966613e+02
1.415056683561465718e+02
1.468720404276957368e+02
1.323340233963917569e+02
1.169808649297744410e+02
1.179920010522029230e+02
1.231482751162083389e+02
1.390773628272658584e+02
1.465558416314486863e+02
1.510018897745453046e+02
1.512113495132287539e+02
1.502453976542728640e+02
1.445041686210376781e+02
1.418959153826399699e+02
1.375724656044214953e+02
1.366020316211290151e+02
1.417326846413290014e+02
1.379869980225234087e+02
1.392948558209589578e+02
1.442166457077867676e+02
1.505730196930755938e+02
1.497050921186223604e+02
1.461120232154602832e+02
1.398066231906099404e+02
1.419778066504358094e+02
1.448568383645971664e+02
1.454031114584860518e+02
1.363722153451302574e+02
1.355367973202032204e+02
1.376058897513952104e+02
1.367977395391072264e+02
1.364418493449886114e+02
1.409590789716005474e+02
1.386596104395391933e+02
1.396501482905391924e+02
1.424458833958549349e+02
1.427054345195651308e+02
1.481050694018400407e+02
1.488501602643287924e+02
1.451091006842763704e+02
1.465930012337003632e+02
1.465164276687918061e+02
1.541414305123720396e+02
1.545113142380421323e+02
1.537647920128277974e+02
1.566335538121761033e+02
1.470175479993886256e+02
1.383715436053976759e+02
1.342814837720503078e+02
1.406951991812233587e+02
1.415284494373992175e+02
1.396566680007854870e+02
1.397871453089358340e+02
1.436518431042899806e+02
1.499760173657945472e+02
1.429093343598068770e+02
1.457950890948626750e+02
1.425328686942499417e+02
1.457556921706942035e+02
1.613766266365250885e+02
1.478390688499611940e+02
1.396432977202346137e+02
1.361921343571063971e+02
1.311337361452904702e+02
1.344897651864905015e+02
1.352297715397405682e+02
1.510368000533924260e+02
1.383158971500078849e+02
1.203665172783901482e+02
1.168756972258358502e+02
1.201080157989214854e+02
1.185204391587004977e+02
1.314987511837109082e+02
1.352799916547443786e+02
1.407445981384253173e+02
1.433541774158821624e+02
1.447012891194440840e+02
1.382289824705559624e+02
1.382705685251464161e+02
1.448934096826922087e+02
1.456082130371718790e+02
1.471826066939772488e+02
1.514202291739061366e+02
1.464894802883413831e+02
1.414228276359179972e+02
1.420734296199992173e+02
1.385817310894295247e+02
1.366637719347424422e+02
1.431576964338749178e+02
1.372210724318288726e+02
1.368087003825690999e+02
1.464328109045034125e+02
1.460296914655343130e+02
1.423313806267067321e+02
1.378667324705913018e+02
1.450293695865241546e+02
1.442879445977984005e+02
1.476626210217146422e+02
1.485500551431497911e+02
1.477182246147450542e+02
1.403994762439639885e+02
1.452674563088755804e+02
1.513459356772932551e+02
1.475159711418370989e+02
1.461446163905996514e+02
1.340713309051357953e+02
1.258438200027166829e+02
1.304067703256959589e+02
1.223099847474009039e+02
1.273596746922267329e+02
1.359695146115066677e+02
1.383918642671374073e+02
1.413954220917688360e+02
1.733190347442283894e+02
1.798615620755677185e+02
1.595430989806526441e+02
1.543076559266129948e+02
1.491915549012058477e+02
1.461763369551861160e+02
1.397404053229995782e+02
1.171118706974348811e+02
1.201461840167830246e+02
1.282793176482010153e+02
1.316088868379293899e+02
1.362592007871146791e+02
1.426736042141585301e+02
1.446386822603629980e+02
1.414739175212264968e+02
1.372564813620173823e+02
1.388417256245740532e+02
1.372770217707801521e+02
1.393958937760253889e+02
1.398058631560906520e+02
1.412431322977808463e+02
1.473044759385215912e+02
1.483647588756696791e+02
1.524793118225140063e+02
1.526178632967571502e+02
1.506492316916296659e+02
1.448225779325836697e+02
1.484743652309992399e+02
1.378031911803923890e+02
1.386046434256300017e+02
1.372917369478976184e+02
1.343660761131396839e+02
1.369652548788552906e+02
1.420951903482701368e+02
1.464242586550652732e+02
1.677086588122498370e+02
1.393890777592862946e+02
1.392147758719757746e+02
1.395237510318946192e+02
1.433451019773495432e+02
1.550783494550707928e+02
1.585603890473150841e+02
1.555249917937606767e+02
1.456810178699541893e+02
1.460896748649974768e+02
1.422366832094529627e+02
1.506520761212867683e+02
1.430256541719882364e+02
1.325785702872655065e+02
1.349663267137137836e+02
1.326339835885841580e+02
1.383337757423721541e+02
1.426001186676091379e+02
1.528895125586200834e+02
1.583758638603786437e+02
1.697314396325874668e+02
1.635020769204365934e+02
1.483695860989090534e+02
1.464748520708650972e+02
1.420478302168535265e+02
1.660407429390571110e+02
1.479445841898976255e+02
1.285879664174999846e+02
1.200926338158830333e+02
1.277388781790559165e+02
1.369654586267040770e+02
1.471402421912646901e+02
1.515010789056136105e+02
1.504859246834402313e+02
1.496434551237009032e+02
1.432365343005261877e+02
1.431723404535639474e+02
1.399247727104050227e+02
1.427744660563654975e+02
1.414847705818633017e+02
1.401835817685545180e+02
1.409635464093107657e+02
1.421738659148870170e+02
1.347826821912296964e+02
1.281452815694366052e+02
1.273656909268084405e+02
1.317963824569948770e+02
1.346938541934124487e+02
1.389146772155637279e+02
1.470745011986714417e+02
1.501648115710859201e+02
1.547048745415381745e+02
1.569508148331370307e+02
1.606675889536379032e+02
1.502068438153760894e+02
1.505998585782559474e+02
1.440640246305599703e+02
1.442744902785727277e+02
1.448173226555981614e+02
1.489188904898536521e+02
1.498522825397326415e+02
1.471186681023798428e+02
1.401069047723482299e+02
1.435685169445551992e+02
1.440573554931656872e+02
1.529772698916099785e+02
1.521462852866605147e+02
1.406245101364968946e+02
1.455557953925926711e+02
1.310625842840629218e+02
1.229797194016443598e+02
1.336068783792782142e+02
1.355989174877479684e+02
1.112757546317504733e+02
1.078045024171658213e+02
1.093837724645339335e+02
1.197858680472742492e+02
1.287430528241268917e+02
1.374754886860521310e+02
1.512531395676981560e+02
1.549168875355545083e+02
1.559553709410255351e+02
1.526911717231757279e+02
1.541752140704750218e+02
1.469666759350784560e+02
1.408379688784468726e+02
1.393243345810904827e+02
1.319675468465256927e+02
1.290944946714601826e+02
1.418910856234874984e+02
1.360233611931325868e+02
1.388002164298883372e+02
1.455683568557977594e+02
1.457465982679710805e+02
1.464534112191423390e+02
1.458087471484455477e+02
1.469373562607330541e+02
1.433401276513553455e+02
1.408909164009086794e+02
1.420876667101064754e+02
1.413171194212632997e+02
1.440254639368639573e+02
1.426188481161521509e+02
1.619277945426733254e+02
1.513026002789173390e+02
1.350240091209502680e+02
1.302723954092697909e+02
1.292110491701133981e+02
1.355281850291067371e+02
1.404455384109187435e+02
1.490449879147556942e+02
1.564679781250915198e+02
1.603929677540199918e+02
1.486253441198349492e+02
1.427317004432539420e+02
1.380241276323925206e+02
1.319866964150119486e+02
1.387843565407914639e+02
1.368551069686957646e+02
1.347647154129317641e+02
1.388202437817300279e+02
1.347729536021148533e+02
1.415456067918959775e+02
1.404137473141246630e+02
1.449111482612487691e+02
1.588791246554387726e+02
1.461833714297290783e+02
1.429224470033959449e+02
1.484457325599104252e+02
1.518289059786858388e+02
1.503275577448093827e+02
1.490758112011276921e+02
1.543280203104165196e+02
1.417436935438912258e+02
1.336471779656689876e+02
1.343623229190822599e+02
1.450592672149743692e+02
1.482412324558861201e+02
1.535822774499172283e+02
1.517310811658566649e+02
1.515772924809961353e+02
1.565897368040275524e+02
1.546102046447126099e+02
1.477009767007298251e+02
1.521617290107899407e+02
1.449330222182638295e+02
1.485908783109365743e+02
1.412692674497290568e+02
1.364045049863013332e+02
1.366902769403272941e+02
1.357849732181478828e+02
1.377141659648839322e+02
1.362135992515778184e+02
1.280278823668424479e+02
1.280074372945380787e+02
1.311978769946544219e+02
1.330118561330844500e+02
1.305750631859683324e+02
1.352024107231106598e+02
1.282676628157150560e+02
1.285274289499322435e+02
1.458470066420277931e+02
1.289776249956108529e+02
1.330698697824536225e+02
1.370057598784910624e+02
1.315246656409084949e+02
1.332586777255180834e+02
1.391374602473953814e+02
1.467156234228696405e+02
1.546210109833333775e+02
1.574630324424965124e+02
1.571952326193016347e+02
1.560854725118086037e+02
1.539272758526967948e+02
1.522490755259234447e+02
1.576014048353841304e+02
1.614436413514568756e+02
1.428508304298357530e+02
1.297258810750026896e+02
1.358909125182470063e+02
1.427940781684611125e+02
1.500028547011267221e+02
1.544039710696835641e+02
1.468289718877200585e+02
1.441226017916150681e+02
1.431716563909516253e+02
1.476593308144698540e+02
1.437757398536913911e+02
1.586670253857157036e+02
1.412045145577856999e+02
1.208562706908676887e+02
1.311259429131685579e+02
1.333223337761323535e+02
1.417256237984741176e+02
1.460042995915247275e+02
1.458967289245308336e+02
1.481525378822703942e+02
1.507604088260947890e+02
1.418542865422428463e+02
1.390955033226150590e+02
1.369979086654929006e+02
1.356815934767648173e+02
1.379043829436496935e+02
1.365289101944635490e+02
1.362867471225073075e+02
1.409496804367495599e+02
1.413346596041839121e+02
1.424135018569130011e+02
1.394222009971819034e+02
1.401037207851505286e+02
1.465489542431926964e+02
1.414553281141995171e+02
1.380024936577638641e+02
1.398401682115346603e+02
1.428137999359856565e+02
1.416193690153949660e+02
1.460931838734056498e+02
1.437679545662226985e+02
1.463645521251109471e+02
1.491796583180890536e+02
1.508659083890356669e+02
1.761027570964238009e+02
1.485749935846244512e+02
1.328566238937970638e+02
1.310112959212232511e+02
1.322520277507553601e+02
1.404017696109979170e+02
1.444756001527766500e+02
1.474311207606230028e+02
1.528337902878381840e+02
1.509084317739493031e+02
1.520726124205218639e+02
1.468611775891169486e+02
1.479853301748827903e+02
1.440619583318954540e+02
1.394916595285068581e+02
1.427372511049590571e+02
1.397489356096303936e+02
1.463846065060691046e+02
1.476909150193100118e+02
1.489982363571486985e+02
1.513788783311870247e+02
1.376248249880242440e+02
1.423701141418534348e+02
1.494505993166183089e+02
1.462507036418880375e+02
1.420905244751722876e+02
1.404260643188604547e+02
1.323127938567231467e+02
1.338954888825113585e+02
1.380231122648578150e+02
1.342839401998841993e+02
1.281951743769375014e+02
1.322694437462086228e+02
1.379607301097349250e+02
1.439623279849189430e+02
1.425088571008547262e+02
1.430413024713715515e+02
1.397236434030041607e+02
1.360351449861075253e+02
1.402969186175533025e+02
1.414248311467155474e+02
1.510871498121067589e+02
1.503725379519780176e+02
1.405354362274792948e+02
1.361369344634575498e+02
1.377384064592250468e+02
1.428621893717661351e+02
1.466261734359970887e+02
1.526211498003373208e+02
1.532435462320136423e+02
1.440523867599559935e+02
1.483313246120888493e+02
1.420950329379851667e+02
1.408712675892949449e+02
1.371825629793418670e+02
1.421479668067704552e+02
1.473308436505325290e+02
1.522390964568617449e+02
1.546893259713397129e+02
1.588689774259294722e+02
1.475640053626703718e+02
1.472660561581413390e+02
1.460259951897134272e+02
1.248298690297366704e+02
1.172256487428045517e+02
1.149505691450382301e+02
1.437206236391949687e+02
1.619070743497785543e+02
1.543538127515171823e+02
1.429115468360377861e+02
1.446231299238315842e+02
1.472557825565568237e+02
1.470965913960857847e+02
1.477536116209750219e+02
1.460333859549871249e+02
1.603210693299133140e+02
1.513297198040513649e+02
1.393721885171354415e+02
1.396348736128381063e+02
1.427741108711114748e+02
1.397596173705505009e+02
1.411014962533715220e+02
1.387642872432200249e+02
1.367993388537522321e+02
1.489090830968825685e+02
1.444061536202476930e+02
1.473649333517792002e+02
1.486967152387446731e+02
1.536854036446933947e+02
1.504411215888985112e+02
1.460799544117195410e+02
1.435966378098714245e+02
1.441663079326952186e+02
1.487062626775165199e+02
1.468407706901961660e+02
1.416375772215491793e+02
1.325144174187880424e+02
1.482199435642995411e+02
1.454057730423786552e+02
1.426853780104213740e+02
1.394713797980742811e+02
1.397891844112866409e+02
1.422016597188433025e+02
1.434266653685158985e+02
1.411225344796190484e+02
1.427049184760290075e+02
1.479546131509668498e+02
1.452269643105278476e+02
1.459786656294075726e+02
1.403713063958639964e+02
1.463697121668027421e+02
1.470981171947495341e+02
1.474243919831074550e+02
1.405106967873956876e+02
1.350293374403230473e+02
1.393878829581323089e+02
1.416455139065311926e+02
1.447884370412248245e+02
1.441310574530592703e+02
1.381975030698012574e+02
1.594252080205440052e+02
1.497144411372795503e+02
1.424174902888444478e+02
1.429196547424526216e+02
1.425490431342061584e+02
1.450746272531320074e+02
1.395905361785196703e+02
1.390401286522684074e+02
1.387828969485140078e+02
1.434104531784220455e+02
1.377685893305632590e+02
1.381148625789964797e+02
1.418505227742984403e+02
1.369058331627278164e+02
1.319959346076908560e+02
1.223424044646172320e+02
1.250796846318925191e+02
1.336367729308387311e+02
1.365892423822440378e+02
1.397968975064650294e+02
1.411779674576217758e+02
1.414731565369239661e+02
1.355009248410827638e+02
1.385832523879988969e+02
1.409330127649148778e+02
1.406942219233876870e+02
1.529048657438736996e+02
1.529548757545069861e+02
1.510023051735129229e+02
1.721506555155496017e+02
1.611379273281387725e+02
1.473887526043958474e+02
1.438682698115767948e+02
1.465980227310299995e+02
1.464490683189977176e+02
1.383182531073370001e+02
1.447084965058343755e+02
1.500105798746293146e+02
1.526273453500925541e+02
1.420494030039379822e+02
1.368883630289616917e+02
1.392599534165743194e+02
1.392354347197959328e+02
1.584359694717042260e+02
1.441239536220235777e+02
1.323244103054526022e+02
1.582100428935876550e+02
1.602046167339996714e+02
1.311945749852989707e+02
8.456616871011732428e+01
6.459746842695643920e+01
7.546479049338388734e+01
8.989126377442150329e+01
9.990180730299687184e+01
1.179461575081115399e+02
1.383225391996178075e+02
1.637492765396912944e+02
1.520633081976785945e+02
1.462468298992150153e+02
1.545960548455375374e+02
1.539381404934788975e+02
1.415775359676580933e+02
1.387577761270322299e+02
1.334064596005923136e+02
1.338517963796384436e+02
1.367409093574189001e+02
1.376697458246886185e+02
1.463566210287825129e+02
1.514072263471124984e+02
1.539406168830819865e+02
1.602295359093989759e+02
1.626675631255722578e+02
1.579095559138268925e+02
8.400255931373418150e+01
7.595498989059939277e+01
8.778305957590549724e+01
9.743026446757758663e+01
1.128630220014537429e+02
1.246261801416395087e+02
1.284003806857547829e+02
1.364972054937255734e+02
1.360750923847644742e+02
1.339301880061736369e+02
1.367028836710854023e+02
1.585912825452384709e+02
1.512620887223171735e+02
1.428022307133857112e+02
1.383843333917637324e+02
1.428361348431211866e+02
1.509580420405278574e+02
1.483569613965216263e+02
1.480789509900513394e+02
1.500825558888017497e+02
1.419416935028216926e+02
1.393228155417214680e+02
1.380263425866342004e+02
1.303218233496340588e+02
1.353908827577032810e+02
1.324823042756421785e+02
1.355872609863483831e+02
1.474966531096582116e+02
1.409912450346387232e+02
1.314110660719618124e+02
1.234835806262185116e+02
1.187840751068791292e+02
1.241234857089116446e+02
1.305036526449794678e+02
1.324400382543489059e+02
1.366087564818091380e+02
1.367786372964102100e+02
1.373922747645466416e+02
1.465120328579968429e+02
1.483494784930529136e+02
1.454781282762039609e+02
1.451885679203974746e+02
1.472537167948163130e+02
1.443662482956723068e+02
1.391061398049175750e+02
1.379042282465158280e+02
1.403623026265510703e+02
1.464867594769017956e+02
1.532280552842043448e+02
1.493416267959532888e+02
1.361284008360731264e+02
1.312041058192762932e+02
1.297577713052164086e+02
1.360236710140682135e+02
1.363578090424264815e+02
1.380806734150295938e+02
1.372892238914898826e+02
1.494425837286418641e+02
1.581845406162482846e+02
1.570712647490796599e+02
1.564969521439259665e+02
1.527741515103487018e+02
1.421802055738096442e+02
1.369877877271834166e+02
1.382060395022791113e+02
1.417518843117184133e+02
1.418125614192229591e+02
1.450443617878646592e+02
1.480963484074967198e+02
1.407289577971960455e+02
1.240354011572686517e+02
1.248029778468422677e+02
1.294177290563263227e+02
1.341441838752029980e+02
1.381020553093772207e+02
1.554751683029767264e+02
1.365546377251266392e+02
1.043259540481720933e+02
8.664364980368202396e+01
8.871901522950582830e+01
9.848499447165953313e+01
1.124934235040680477e+02
1.352447755467613320e+02
1.716418430486213538e+02
1.659063819969852034e+02
1.517282871410551479e+02
1.523814938525813432e+02
1.702456202461787029e+02
1.306315302155128677e+02
1.110734385000186535e+02
1.128948189913947431e+02
1.167667774786853556e+02
1.275380551590038749e+02
1.317502395402270281e+02
1.402622713041918701e+02
1.480177728922143388e+02
1.494846161842663719e+02
1.529759765952545649e+02
1.462746479855674693e+02
1.469492335554720626e+02
1.472386934603852069e+02
1.523947326000698865e+02
1.454473134995428723e+02
1.455228479115293965e+02
1.473319694020795509e+02
1.434650340609302361e+02
1.477850449701315370e+02
1.452117099851948296e+02
1.438536616677105826e+02
1.442949200985129039e+02
1.460152360844575696e+02
1.484903330784738671e+02
1.446190266434132354e+02
1.305119917955094877e+02
1.284320919219581185e+02
1.478612313282613968e+02
1.276786272883667124e+02
1.295430838612723221e+02
1.285574880800220683e+02
1.349221505176848837e+02
1.394644506619012532e+02
1.444172146711062226e+02
1.516229952829389731e+02
1.542280963368436062e+02
1.576961242119355404e+02
1.542803172145412987e+02
1.468292005015306074e+02
1.408157485069186521e+02
1.368051636683499055e+02
1.397065767799240064e+02
1.394957286750619119e+02
1.463651912647837889e+02
1.435290972639264737e+02
1.497488122715549821e+02
1.710312302520547689e+02
1.572759892893772076e+02
1.425239745500105073e+02
1.380526406228243843e+02
1.373002602126962870e+02
1.422011666761609376e+02
1.415799298068727126e+02
1.477958267821892377e+02
1.372766004620244473e+02
1.333959668991124374e+02
1.369962254786560720e+02
1.407923443202436431e+02
1.413493318456320651e+02
1.308819166343554912e+02
1.282810286571677807e+02
1.273191698711249416e+02
1.251072437271519391e+02
1.351949485562193161e+02
1.371476016579978818e+02
1.409257667860577783e+02
1.433179325663038526e+02
1.545418872524367657e+02
1.470033744409452936e+02
1.401870890984848188e+02
1.375741377822729135e+02
1.344973863506453426e+02
1.363135255825833099e+02
1.328685829353269696e+02
1.376948457330677229e+02
1.402441066323293057e+02
1.370429088642626994e+02
1.287969888459403762e+02
1.313082774254545768e+02
1.342289114810533590e+02
1.419534637004660453e+02
1.508264370238422600e+02
1.520353792223567098e+02
1.585354541445783241e+02
1.365921278376710859e+02
1.407068755533659896e+02
1.435849060064463174e+02
1.474870137054660688e+02
1.476452029067982039e+02
1.502173796930157152e+02
1.448035758001529985e+02
1.459170080680389674e+02
1.436897761728874912e+02
1.410617448464467998e+02
1.445072785958753911e+02
1.468317974802778849e+02
1.467199105003883233e+02
1.361841050961268706e+02
1.214150906345857663e+02
1.152693791069980307e+02
1.211506856072919476e+02
1.340754251483503197e+02
1.392092747138924551e+02
1.479676686972905486e+02
1.747629465250004159e+02
1.733258578279927065e+02
1.665857910750260942e+02
1.531923262026343195e+02
1.282440922758161719e+02
1.174995628533498007e+02
1.160876931279887287e+02
1.217595451128660216e+02
1.229930481737900436e+02
1.315484213293789537e+02
1.361241734628654001e+02
1.388608277417247905e+02
1.415712694793315904e+02
1.505127064323890522e+02
1.508986701083246373e+02
1.502569364630584232e+02
1.614050171803899616e+02
1.571802219763349342e+02
1.385462993450693716e+02
1.248394256011360852e+02
1.337697666774008951e+02
1.350656624234302967e+02
1.438366136601973153e+02
1.456312341250476834e+02
1.445916738512895563e+02
1.383608668747451418e+02
1.346855599497847606e+02
1.304457122340623130e+02
1.346424745171104860e+02
1.391685301181967418e+02
1.403246755051370656e+02
1.356984076371084882e+02
1.381947763755194103e+02
1.421548663606075706e+02
1.412147818687388394e+02
1.466561699945643227e+02
1.545438316825527636e+02
1.610838896803346074e+02
1.590022218670751499e+02
1.586009089421464182e+02
1.539741913314335306e+02
1.387090901776646774e+02
1.380378178532380673e+02
1.364817554936740009e+02
1.373779795082961925e+02
1.344240986746117130e+02
1.279974337807779250e+02
1.344339175490310936e+02
1.368314064277828095e+02
1.413742630266131926e+02
1.470991512056221211e+02
1.493896046284111776e+02
1.552254293232941791e+02
1.346967513255783615e+02
1.365974956072433599e+02
1.413087233335413373e+02
1.508280184934212400e+02
1.554147837919907715e+02
1.589793984426393081e+02
1.423478991319811371e+02
1.461916217258048505e+02
1.712016472510491951e+02
1.522507706217052714e+02
1.345551812041227606e+02
1.244719766810356703e+02
1.292860162675337961e+02
1.269962688503628243e+02
1.287952781425299804e+02
1.279786091966690691e+02
1.364507551036470545e+02
1.395229433379035129e+02
1.522659614402847410e+02
1.484028041631224824e+02
1.443292721143366748e+02
1.476650258738654315e+02
1.406846165088829537e+02
1.401129564983291687e+02
1.407241938099995195e+02
1.491814061336916666e+02
1.569112095539518350e+02
1.579413618883386050e+02
1.471439360402475813e+02
1.510253938557628430e+02
1.472991958215944521e+02
1.414061048764955615e+02
1.389044418290874319e+02
1.402641206597289170e+02
1.382828766508763749e+02
1.433612234559664103e+02
1.389511835243005180e+02
1.349789044689633783e+02
1.374406021696528342e+02
1.403243758561565926e+02
1.398296751689618418e+02
1.448130228381533584e+02
1.462350112850203914e+02
1.467966032578387114e+02
1.382074777402213215e+02
1.360044228324597952e+02
1.475577969561240934e+02
1.490215077799744279e+02
1.500711943030540851e+02
1.470579608827370919e+02
1.520672199998717247e+02
1.472466832034115782e+02
1.406902247263682852e+02
1.444889403071092602e+02
1.440100073224110702e+02
1.417075862990908206e+02
1.357327979567562011e+02
1.380645216603644201e+02
1.389698808925051594e+02
1.369599833514682246e+02
1.412904789173113045e+02
1.432253675911157416e+02
1.686473523170761553e+02
1.584367794863148333e+02
1.512040691293577765e+02
1.315118794991007860e+02
1.231864843908338827e+02
1.255336972971273610e+02
1.327043389057288323e+02
1.312515791328382875e+02
1.327393464079306113e+02
1.361366956093268072e+02
1.380807256648488703e+02
1.547785873966293479e+02
1.303568050868066166e+02
7.661462514435393700e+01
7.425658558080797889e+01
7.888272045682822409e+01
9.979514029772872163e+01
1.097358293000370537e+02
1.284873135638900692e+02
1.384585838414054990e+02
1.458845976220850389e+02
1.468993552461033687e+02
1.521261383654600650e+02
1.529753543911310771e+02
1.430884549655305022e+02
1.470350312012233758e+02
1.368568682114821513e+02
1.401221897628851991e+02
1.586469131953314786e+02
1.499605087290332790e+02
1.397590847819405724e+02
1.497784220430495452e+02
1.415989832733765752e+02
1.395863626736502283e+02
1.353962653051351026e+02
1.374845138258877739e+02
1.431987297320136463e+02
1.405917341440836310e+02
1.683045092583315068e+02
1.473421233969731361e+02
1.242744988198532496e+02
1.162034099273258789e+02
1.156894305245344583e+02
1.201203283297705013e+02
1.280005698522451496e+02
1.297432130023244383e+02
1.371663106743729941e+02
1.447587190387986880e+02
1.425382869386862978e+02
1.433171751806873999e+02
1.473857082684070576e+02
1.403405039182408984e+02
1.348580916517733215e+02
1.515337488478754722e+02
1.362071909481696821e+02
1.442877699778702549e+02
1.457917950102079772e+02
1.409988825889259658e+02
1.400436983101932071e+02
1.413585472534928158e+02
1.401229454232834257e+02
1.382540793093378966e+02
1.332126717107192349e+02
1.323291780552310684e+02
1.421419397941947125e+02
1.393722531547298900e+02
1.552078766462561532e+02
1.350381497948000344e+02
1.287025096234881119e+02
1.223951809466779252e+02
1.240021525589316980e+02
1.299597998234716840e+02
1.285707759078005950e+02
1.339637403744423523e+02
1.412100961663982730e+02
1.479550946266765550e+02
1.535744576869544176e+02
1.438606881981154970e+02
1.427862172019098352e+02
1.393443240087094921e+02
1.388596688462466773e+02
1.362089546123860373e+02
1.348224775008562801e+02
1.368169224590865269e+02
1.331011077117978800e+02
1.282432754137015252e+02
1.293805826642980037e+02
1.402008817064144068e+02
1.614714162861881164e+02
1.456605083839737063e+02
1.399095459670447781e+02
1.286969702401843278e+02
1.315953019200537994e+02
1.369200529039941898e+02
1.393549945724157624e+02
1.379758640876190725e+02
1.436635386030215500e+02
1.481607668582025497e+02
1.481906466621922220e+02
1.429784950077350629e+02
1.463747452095348933e+02
1.392552681487057669e+02
1.440436073890867874e+02
1.467740259620431971e+02
1.396500672626750656e+02
1.435854902586328308e+02
1.256064169090162181e+02
1.256446210294629822e+02
1.437102656985017006e+02
1.378511683695091392e+02
1.391424104808618267e+02
1.402005795927552754e+02
1.383219912165457117e+02
1.448278858874319894e+02
1.639495313239397376e+02
1.516603123891679843e+02
1.365930131326967683e+02
1.348765398675548681e+02
1.382122471757587334e+02
1.377776071062563972e+02
1.494178902875087829e+02
1.587846965173628462e+02
1.504294010586792467e+02
1.377872451583392603e+02
1.332860562194296108e+02
1.396899140325480175e+02
1.374533267087983859e+02
1.524283085112159881e+02
1.570568958467351024e+02
1.541864978580312311e+02
1.529082151810724781e+02
1.443761930495028309e+02
1.512607500867645740e+02
1.548613867723052522e+02
1.386576131758811243e+02
1.457097686764720379e+02
1.460688888607040212e+02
1.485254980664819868e+02
1.555051060620490375e+02
1.487186314371733715e+02
1.544618263011878128e+02
1.402801126012264206e+02
1.411795504533040742e+02
1.437711875138501512e+02
1.358691160187836999e+02
1.322536311901150725e+02
1.333709054798788145e+02
1.265592045743066478e+02
1.279642188755589700e+02
1.353625353327170160e+02
1.410711301857355977e+02
1.394516390095238592e+02
1.386955497169647629e+02
1.359741850643752059e+02
1.396119276499048283e+02
1.414938039966926908e+02
1.450523693919876109e+02
1.448693729688724829e+02
1.477168829399884658e+02
1.568236221968460882e+02
1.516432794374028390e+02
1.475180330416194465e+02
1.470817443304181609e+02
1.456662218913505171e+02
1.396773269884748174e+02
1.456674499618669074e+02
1.473229884918780499e+02
1.415100307350966489e+02
1.459165021489951357e+02
1.513124719481562579e+02
1.531681384013247964e+02
1.556534187323455853e+02
1.558841288399832195e+02
1.494613303422274271e+02
1.433778629668582312e+02
1.517278878969669336e+02
1.505342252827254583e+02
1.406581363290468687e+02
1.342631492411926217e+02
1.295169445172748226e+02
1.331300685383462223e+02
1.671721606513847576e+02
1.547788118047708963e+02
1.491568169830524937e+02
1.486945067328348671e+02
1.493777362178113890e+02
1.477037581748346895e+02
1.496446506649478465e+02
1.479113606117921904e+02
1.413442462171545912e+02
1.399329688660336046e+02
1.406781079336969924e+02
1.396678418467900542e+02
1.396315049513968916e+02
1.405939398629207062e+02
1.425690935431103412e+02
1.460079338584416462e+02
1.445350389805585678e+02
1.424176110588795154e+02
1.325660106118219801e+02
1.433054522856244830e+02
1.251618311367096084e+02
9.685817612546074429e+01
9.897113042895040280e+01
1.087825213176986523e+02
1.247071993044160649e+02
1.278838187277202394e+02
1.353058241787305747e+02
1.388263612069591773e+02
1.485787592124170544e+02
1.382469239715114782e+02
8.796155472887804194e+01
7.820250620806918107e+01
9.513870842367833802e+01
1.245789716852308118e+02
1.250953708094992152e+02
1.202285845031396434e+02
1.320573836726071022e+02
1.279982955369389543e+02
1.297033094951464136e+02
1.259453166257041801e+02
1.288453422777403432e+02
1.192938976026741642e+02
1.284190174086810998e+02
1.160372865566161806e+02
1.165119574183624138e+02
1.140830204129277945e+02
1.131559922005639720e+02
1.230340087055508036e+02
1.329149868454092598e+02
1.345854644104854856e+02
1.336898368258535470e+02
1.337367273222193376e+02
1.250509196219903032e+02
1.350655798286290405e+02
1.519478658498662753e+02
1.461486047170330664e+02
1.278501038746469192e+02
1.212132648142792846e+02
1.223062857530946133e+02
8.492512152887127286e+01
6.919266175218915293e+01
9.242856232777405978e+01
1.132492593967903929e+02
1.236829034599939376e+02
1.235356082373212416e+02
1.236221003474253024e+02
1.223728215337188203e+02
1.026753299392987913e+02
1.100828241535902805e+02
1.122748084286712071e+02
1.015884822984361904e+02
9.004577990497679707e+01
9.780133826386972373e+01
9.887612474737215962e+01
9.367284382129734865e+01
1.006356200845210083e+02
1.123167903877515670e+02
1.204251249624741718e+02
1.334335661830698996e+02
1.391221595189916798e+02
1.456727561453445219e+02
1.533722831804847715e+02
1.466246681484818168e+02
1.435324571974425680e+02
1.369525355666851851e+02
1.578169077046147777e+02
1.230376132542644427e+02
9.684504938035654220e+01
1.023229039371146172e+02
1.175079719902026625e+02
1.200060831776596899e+02
1.281192958932889496e+02
1.294775922438361988e+02
1.358560157195506406e+02
1.316054367774855507e+02
1.121741412974439100e+02
9.063208840641897268e+01
9.494506452865796575e+01
9.562704180397423670e+01
6.524923598432661720e+01
6.546669637591250535e+01
7.195765209670034324e+01
9.153026812323440708e+01
1.079382701139066967e+02
1.218342613050794512e+02
1.368010791209508739e+02
1.443548901424951509e+02
1.426731201513920269e+02
1.613444905216827010e+02
1.474389461842740161e+02
1.169233977494534713e+02
1.006842022382224116e+02
1.086496086693615695e+02
1.152165234947104295e+02
1.321099391150234510e+02
1.428331422662708121e+02
1.411030929661390587e+02
1.382902758903274787e+02
1.425964027480680443e+02
1.379306847059722259e+02
1.371970071753121090e+02
1.319923360454403110e+02
1.502162502511598063e+02
9.727824245481880894e+01
6.754546701801896802e+01
7.741925902898765344e+01
1.047004917239124495e+02
1.120072764424282354e+02
1.080888032988876546e+02
1.110308466119546296e+02
1.132366770317980809e+02
1.139914814370083462e+02
1.224483426882477346e+02
1.318680292332283841e+02
1.351896127842283306e+02
1.422584972848100620e+02
1.288192865543735479e+02
1.259495336905952598e+02
1.247713911745748874e+02
1.291700875638663319e+02
1.280121459043480741e+02
1.272467954163471120e+02
1.234064509528830200e+02
1.298208104106106759e+02
1.164024021132347002e+02
1.117241809156158467e+02
1.176004124759401037e+02
1.265472099646433293e+02
1.374972087197089365e+02
1.335131036027841276e+02
1.331384674742247967e+02
1.342642471887276656e+02
1.484758452635866774e+02
1.445282746599469874e+02
1.298393381723502387e+02
1.246715453472592685e+02
1.319535777031406951e+02
1.373564557109035036e+02
1.352228216082696122e+02
1.379364868487284070e+02
1.419804401644535403e+02
1.579759376849842170e+02
1.349716756011222287e+02
1.059271257812102220e+02
1.036988487355592667e+02
1.128874113890382773e+02
1.174823455958066916e+02
1.247854381984076042e+02
1.304292632942946852e+02
1.327108755824480397e+02
1.616608269141507890e+02
1.611639696436252507e+02
1.364363229803313970e+02
1.369961078315851069e+02
1.319796652965290491e+02
1.266693876930553273e+02
1.265106047287962099e+02
1.367171312677403989e+02
1.449966486069330927e+02
1.458654692311559700e+02
1.328035626530556783e+02
1.222081760550251772e+02
1.133363726550037427e+02
1.164870349061399821e+02
1.351244135218394717e+02
1.273298752378101142e+02
1.399587647722396468e+02
1.397939344416997187e+02
1.392004021061367780e+02
1.475420004785423771e+02
1.468233996769293697e+02
1.550633788580098269e+02
1.392057809420555259e+02
1.070526723514339125e+02
9.107786556670994571e+01
1.001362164719045182e+02
1.104224973957857117e+02
1.237563697739208806e+02
1.327178143736785216e+02
1.569238370582447430e+02
1.370314092833771156e+02
1.311413478336947946e+02
1.233598319413202660e+02
1.304709886006183694e+02
1.336385086675573461e+02
1.349228665872681461e+02
1.256933270134447866e+02
1.224882017984454876e+02
1.249910153358756162e+02
1.347243692377055311e+02
1.301505512563958007e+02
1.306246575283267646e+02
1.357964873720551111e+02
1.340238219381471936e+02
1.289631295333230696e+02
1.290834867762855538e+02
1.306967328569714937e+02
1.328179348743956893e+02
1.314905142939001621e+02
1.313510365026295403e+02
1.354352712078093077e+02
1.330532786011032726e+02
1.257180425247849627e+02
1.296198871094155720e+02
1.329584969295729309e+02
1.445729163495915373e+02
1.089023311622997028e+02
6.378372885368593614e+01
5.434663370342092037e+01
6.178752944651917289e+01
8.046391826631139566e+01
8.587166901605431235e+01
9.285457503394562195e+01
1.219118904211772616e+02
1.257857919514348026e+02
6.350413246101066278e+01
4.528508752094057854e+01
7.019947674328957987e+01
6.712004351801026303e+01
6.928015697824690733e+01
7.968079462751403241e+01
8.189393086247144993e+01
6.778334718709837148e+01
4.869668382212299207e+01
5.147362674754472778e+01
6.213396992221872495e+01
8.334928016969500675e+01
8.758190603111661687e+01
7.599215575389219168e+01
6.216558294747933644e+01
5.608718047030146892e+01
4.959631624323232302e+01
6.478730697257898896e+01
8.233519198020650265e+01
7.254501109537973491e+01
6.667807165601365682e+01
6.213238818984982714e+01
5.847109932894478845e+01
6.109753570065807082e+01
6.096520486820877238e+01
6.043382238661943973e+01
6.878209923617046684e+01
7.005415195786073923e+01
6.325262433478530255e+01
6.465619519661926518e+01
5.709761584928907752e+01
5.357816999455015861e+01
5.270570298504377149e+01
7.090272805846613835e+01
1.002846550977157847e+02
7.864722394446707199e+01
4.440836017749720099e+01
5.125306559251272631e+01
6.369784931157610686e+01
8.716565020909396821e+01
9.125877765317420653e+01
4.807397262522783166e+01
5.313999653756752650e+01
4.474247808471947963e+01
5.162040621587171074e+01
5.934878804398011454e+01
7.624630032229720200e+01
8.366586181985204007e+01
8.816754045749082991e+01
8.933601390428755451e+01
8.400819567657276821e+01
9.669172491586681417e+01
1.285139536785410144e+02
1.037923264140165713e+02
3.864370512552644499e+01
5.535661909584737828e+01
8.563894655016063950e+01
1.057315760384456382e+02
8.315973519228079169e+01
6.359250134547657751e+01
5.706475171205867980e+01
7.056885700596352251e+01
8.141862740722022806e+01
8.215671181546741764e+01
7.450845231422873383e+01
9.859510725499164607e+01
7.551737515865595185e+01
5.950807498986944211e+01
6.694361763112377162e+01
7.530681668214896263e+01
7.424418861759565402e+01
9.414973931672192009e+01
1.122330753238297660e+02
1.254891757663203435e+02
1.181869883645910306e+02
9.599496867210382334e+01
8.984748776869878384e+01
9.333880375366692306e+01
1.025968339429886242e+02
1.139908930176388537e+02
1.268098879766460811e+02
1.279699341255590070e+02
1.329833973608363635e+02
1.331642992157101730e+02
1.249065197578561310e+02
5.395681037868102692e+01
6.297516273875073267e+01
7.564730898479180610e+01
1.025675605057550399e+02
1.198842840334069706e+02
1.233031164349651618e+02
1.165502653449079418e+02
1.156612406815837772e+02
1.211920782317610588e+02
1.425489761820456636e+02
1.339609122937797565e+02
1.214815176501817575e+02
1.169042189335189761e+02
1.184069668277224991e+02
1.168251809772163483e+02
1.238495024509483642e+02
1.233211160677969076e+02
1.283321564489467335e+02
1.330241594678938668e+02
1.404708570270587984e+02
1.348021339759155524e+02
1.371535700812069081e+02
1.384426806954024016e+02
1.414218366092478050e+02
1.374401684672581325e+02
1.362841819779552566e+02
1.290597159006209154e+02
1.278071913323569220e+02
1.334871861169264378e+02
1.291299233900405738e+02
1.310998798323328742e+02
1.326727180940807216e+02
1.346073513806900337e+02
1.325197951948125592e+02
1.348256163818764151e+02
1.448532569640873078e+02
1.466667150940565989e+02
1.502863724086996911e+02
1.410495802463260588e+02
1.367558500061231257e+02
1.380948056700434563e+02
1.424625556435132125e+02
1.486523883825865937e+02
1.468935224518598375e+02
1.492901912682767716e+02
1.491045574197654560e+02
1.533839417058776462e+02
1.509681071032564432e+02
1.361046032611435237e+02
1.231448846448266465e+02
1.253121736780789206e+02
1.266611978014614976e+02
1.348724268194674778e+02
1.411839627955062610e+02
1.481503581096629034e+02
1.476906558236768490e+02
1.423878212414467725e+02
1.447642457442652812e+02
1.439500269202208074e+02
1.421495649350684687e+02
1.458529410414529650e+02
1.441025946517477223e+02
1.446037920711125935e+02
1.443819425540879138e+02
1.394345872150034893e+02
1.411691310716808516e+02
1.430934351222000487e+02
1.425585548840951446e+02
1.341191133849696939e+02
1.427608743040017885e+02
1.485261559745001136e+02
1.479853138525591589e+02
1.488957885324151107e+02
1.501025782513456761e+02
1.549255494002507589e+02
1.483645304804890088e+02
1.493237389895142258e+02
1.509812077847586806e+02
1.511128935046682216e+02
1.445358613962474976e+02
1.244774261499235877e+02
9.571148181998263738e+01
1.038882681581279428e+02
1.132747261054461489e+02
1.331045142200399027e+02
1.419435387974793912e+02
1.414715360143615044e+02
1.457323326983720904e+02
1.353302118211972243e+02
1.461827745435508064e+02
1.389103271029221105e+02
1.354888660926232546e+02
1.379517776388105403e+02
1.281547096257185672e+02
1.304205214507354640e+02
1.308531742941086691e+02
1.419930664968015890e+02
1.478179526911912944e+02
1.505923933935755485e+02
1.474932338976975643e+02
1.523529153878762656e+02
1.542465509163389470e+02
1.513164655300204799e+02
1.475521012092906403e+02
1.507677524625628394e+02
1.414876085200660043e+02
1.462107590855312083e+02
1.362975535884627334e+02
1.334562110064578917e+02
1.272846557017827962e+02
1.290806578197076249e+02
1.323601163600810651e+02
1.342484238667959744e+02
1.502632300192747152e+02
1.563813125045742254e+02
1.484357601122515007e+02
1.462714678421008330e+02
1.394497956691500065e+02
1.426781135863331826e+02
1.568550157462029802e+02
1.439057372378841819e+02
1.293906275018491954e+02
1.230320847081822819e+02
1.273687799580551427e+02
1.338718678097488350e+02
1.317380681316931543e+02
1.360801879389780424e+02
1.371018366659374692e+02
1.451115271991877194e+02
1.443963983976369718e+02
1.439703992632742029e+02
1.476525620129187928e+02
1.346940664720354448e+02
1.535235967967678619e+02
1.441638592570603805e+02
1.229711927937991049e+02
1.263210421590843282e+02
1.336784086492663164e+02
1.388715504448444165e+02
1.369715443110273441e+02
1.364026432063789684e+02
1.400847790459802980e+02
1.447362391704895117e+02
1.583788840725301839e+02
1.517506204979718802e+02
1.524432345897533310e+02
1.349578002976523408e+02
1.337057804965083392e+02
1.290742902268095520e+02
1.363225269079699160e+02
1.338125307814736971e+02
1.382070177040291696e+02
1.414015234963184469e+02
1.383565347731867519e+02
1.420069655007279437e+02
1.464702539955227394e+02
1.352776168822585703e+02
1.377303847698684365e+02
1.337932294028494198e+02
1.404782483219888150e+02
1.460673203112344254e+02
1.554598946583411703e+02
1.505811323667259103e+02
1.519002315275532169e+02
1.486978124627440820e+02
1.425232981156951837e+02
1.375625660662319660e+02
1.376641293001818269e+02
1.366134022150049816e+02
1.448893534543636861e+02
1.430051875603679434e+02
1.460755185326965488e+02
1.421985500126402826e+02
1.450669341165246067e+02
1.286925285622899366e+02
1.303389802923679497e+02
1.358494055263751079e+02
1.327568267626809018e+02
1.340716622685188781e+02
1.426245631137799137e+02
1.488544596983693395e+02
1.470126657567482198e+02
1.520625056529802919e+02
1.448115273877070308e+02
1.447668511113689078e+02
1.362055768119589061e+02
1.422746476653351522e+02
1.404120577337521922e+02
1.420119161409155311e+02
1.490983858897570542e+02
1.631751469956587641e+02
1.520924261873526007e+02
1.459874427357498803e+02
1.393780774970729794e+02
1.339030004064219952e+02
1.360072526250083342e+02
1.416928818209527208e+02
1.437018533996933911e+02
1.443949061182934770e+02
1.409399341681648252e+02
1.373557250820457512e+02
1.382396742291000180e+02
1.380907281990099591e+02
1.406123636342132386e+02
1.363898519986431097e+02
1.409645586640050396e+02
1.427116124697464556e+02
1.491368225558648248e+02
1.512395248142543380e+02
1.436930281752569840e+02
1.359548819588355002e+02
1.393824576139772375e+02
1.422405810359834391e+02
1.391521513622061548e+02
1.317117307755929971e+02
1.226900596029345252e+02
1.276072595995577927e+02
1.328026729390084313e+02
1.308926831905986887e+02
1.403554417154282987e+02
1.467321141580408721e+02
1.492242575404881961e+02
1.476102645637701585e+02
1.492299952947627730e+02
1.466099991402068383e+02
1.470838358183386845e+02
1.407183856443550098e+02
1.391120179876778593e+02
1.324632288229835808e+02
1.395947082305085871e+02
1.468102928316370139e+02
1.464784087357686531e+02
1.499571604148445942e+02
1.669500670136741292e+02
1.454323173077828244e+02
1.393481630457135338e+02
1.264244967179050434e+02
1.239178885658584903e+02
1.291877219899914166e+02
1.342470074336380321e+02
1.397940768025246143e+02
1.587809777951165415e+02
1.537640413164430697e+02
1.562381092549314872e+02
1.500902660948232779e+02
1.448032862375542891e+02
1.341726371299672280e+02
1.285327634610922019e+02
1.344482789516872003e+02
1.348734005932403193e+02
1.351689834874155167e+02
1.326297956017248225e+02
1.345258033533688717e+02
1.360446288390543543e+02
1.395618184046034571e+02
1.399432474062412837e+02
1.500433736770532676e+02
1.522644204397487329e+02
1.521264190859766927e+02
1.513470645388710807e+02
1.455457984624728738e+02
1.505844544284426547e+02
1.481713974569361199e+02
1.479381466617166723e+02
1.362560237251962008e+02
1.527820255838029482e+02
1.416938537450411104e+02
1.305213820280338268e+02
1.308836198620563209e+02
1.328104676872554535e+02
1.383046443953815015e+02
1.341552626021288575e+02
1.370279672793420218e+02
1.372688834251678145e+02
1.414017128951336417e+02
1.488978254015753464e+02
1.421050059215725696e+02
1.406844269990058933e+02
1.407348811414981924e+02
1.437575700120365525e+02
1.479211367230623750e+02
1.494461275820358708e+02
1.500262440169996410e+02
1.569054430082014733e+02
1.499506940440696212e+02
1.484920251212714675e+02
1.598252861425892775e+02
1.446031761953668706e+02
1.434130398032782523e+02
1.455225257834624983e+02
1.438186694623231006e+02
1.489251278618967262e+02
1.520176923716614965e+02
1.598392989917048510e+02
1.503858074235684796e+02
1.423912637465053876e+02
1.448199512456613149e+02
1.459556769499603774e+02
1.457359572895629185e+02
1.521608875928965290e+02
1.550743533103241703e+02
1.353849143335629037e+02
1.417132917982686706e+02
1.378297410329839465e+02
1.387324554497516829e+02
1.381250750058047174e+02
1.385719839270437888e+02
1.469862445733125185e+02
1.479156165011684152e+02
1.408362642807850591e+02
1.404594971308764286e+02
1.425339592408644194e+02
1.403604588181925124e+02
1.367327740423664295e+02
1.321200741704048482e+02
1.322436228075226552e+02
1.306712999335114205e+02
1.368218664603592458e+02
1.314433621386187951e+02
1.279673235838969845e+02
1.259529434829679388e+02
1.327483765884692843e+02
1.370525208560244437e+02
1.438164190570279288e+02
1.427302616818872707e+02
1.619535506966645642e+02
1.409183138919484861e+02
7.570972465830054432e+01
7.527467290238928399e+01
9.151431836121233232e+01
1.100586350062159795e+02
1.184326946348535330e+02
1.280080418347790783e+02
1.365311681541809605e+02
1.460239430139426986e+02
1.415881706995955369e+02
1.332768404534561171e+02
1.435121109805439232e+02
1.423749682041108429e+02
1.224891999161797571e+02
1.198404012155340865e+02
1.226681247118718545e+02
1.280590602839283747e+02
1.526658513321951318e+02
1.454459632500471287e+02
1.388559898805729347e+02
1.401076846684735528e+02
8.870375646655358537e+01
8.481744052048756544e+01
9.531306073674328161e+01
9.478010605288953627e+01
1.322913016662106713e+02
1.403727915899535219e+02
1.315638115049576129e+02
1.322146115108833158e+02
1.237434368974403185e+02
1.193072098709660622e+02
1.166657434278353520e+02
1.169891339577868621e+02
1.214689568480783350e+02
1.207903189398949024e+02
1.256877642296285984e+02
1.271820404862458531e+02
1.375252433982793718e+02
1.515747119130921874e+02
1.627419402432514630e+02
1.423050003335200699e+02
1.345183062352572563e+02
1.283449780206331923e+02
1.280386050044277511e+02
1.272333186037572546e+02
1.273706834024402781e+02
1.297311196481250306e+02
1.398919334106658994e+02
1.318337634977559105e+02
1.319367166978830426e+02
1.316598950533245329e+02
1.260603643892196146e+02
1.300816661270502550e+02
1.351716533067300929e+02
1.427201280558589360e+02
1.339392025046431058e+02
1.373990785963944745e+02
1.353260561126837729e+02
1.315595464478207646e+02
1.267659864247742121e+02
1.296885271202235117e+02
1.353738810612446457e+02
1.388133526036698697e+02
1.368490365307019374e+02
1.424452819815312807e+02
1.377467060947001869e+02
1.382811650307760942e+02
1.405661772961440761e+02
1.347505615211027816e+02
1.378826325954939875e+02
1.372401417077772123e+02
1.412991464533715771e+02
1.463153024771964965e+02
1.037037585707329868e+02
1.050226409006223776e+02
1.091720666026236302e+02
1.181320292846074551e+02
1.205396009111879891e+02
1.276736843999150324e+02
1.335975378196890233e+02
1.383832374136795238e+02
1.353264177427958543e+02
1.409408306583191006e+02
1.392659858653168783e+02
1.423857698359318817e+02
1.426803058571663883e+02
1.394918127061729933e+02
1.369965602294183213e+02
1.372127059433929048e+02
1.351388443518490021e+02
1.254306729809834735e+02
1.222992009142294876e+02
1.316312231696242634e+02
1.346766245489446021e+02
1.375907760858984830e+02
1.406110233789268307e+02
1.541014706752025631e+02
1.584175441574167280e+02
1.481122205107291165e+02
1.407130067324592346e+02
1.396567541979968041e+02
1.387400159557690813e+02
1.362498883613297380e+02
1.293337552906833707e+02
1.291865290276268752e+02
1.363581840723898324e+02
1.377718596904671813e+02
1.405926349061678593e+02
1.411490296127814190e+02
1.463900044860286016e+02
1.486112071824154270e+02
1.583383422434312138e+02
1.485913380741931746e+02
1.325385924231677564e+02
1.297571856057745094e+02
1.332280741582009966e+02
1.456770022668017361e+02
1.564560666498865089e+02
1.500879545040396010e+02
1.506850846992426796e+02
1.432424973587783370e+02
1.454166919613606126e+02
1.534076554995362471e+02
1.421001355665642620e+02
1.430774418110632382e+02
1.468573388576103582e+02
1.439833232027747272e+02
1.494932391142756387e+02
1.547907434927602992e+02
1.518984256949907774e+02
1.442021565787948987e+02
1.371070496367809994e+02
1.301527705812605973e+02
1.328763283719111143e+02
1.271095661804172465e+02
1.273423609761488393e+02
1.296415669682966438e+02
1.352339772361341375e+02
1.408112901977489457e+02
1.473676063689009368e+02
1.697816295533822881e+02
7.984448297019606855e+01
5.534614869442795992e+01
6.178351907619316563e+01
8.384807063863001986e+01
9.956258202908009025e+01
1.122399334644028386e+02
1.399671881498965718e+02
1.546181596420236701e+02
1.486694139459846440e+02
1.459056858057024328e+02
1.512959792424612147e+02
1.566327192719060122e+02
1.443233504232957785e+02
1.454737347492693118e+02
1.421282210546993383e+02
1.450884799070187228e+02
1.387674724083551610e+02
1.480878857914735249e+02
1.458971572540137629e+02
1.369365127962560109e+02
1.385143969511323121e+02
1.472118291201190061e+02
1.423933032481677969e+02
1.455420330054232068e+02
1.454706012456053656e+02
1.425845233784735910e+02
1.478042112617154658e+02
1.464910880811472680e+02
1.394144972430871974e+02
1.335769583394574056e+02
1.398383707083482079e+02
1.432098323627334366e+02
1.498249687574423206e+02
1.328357525385943632e+02
1.222063719503039607e+02
1.157568131043141193e+02
1.207580182757500040e+02
1.299685041864912023e+02
1.353278949054296731e+02
1.416198824165879273e+02
1.488678849713870704e+02
1.603975548724761211e+02
1.847408532015226683e+02
8.399639086514311259e+01
6.211276407334704430e+01
8.523274588303098653e+01
9.592571788032962843e+01
1.095470202642318469e+02
1.250080465206858662e+02
1.313053428718697262e+02
1.183757118698924558e+02
1.004199698951576920e+02
1.095981888569095872e+02
9.328698727024456616e+01
8.533377338727460426e+01
8.850881686558311401e+01
8.673922116264377280e+01
9.986654304720049424e+01
1.126631054976084556e+02
1.195515326468966038e+02
1.256305104365062704e+02
1.372131557709282674e+02
1.307924591223299160e+02
1.228951108583767962e+02
1.233160284619148683e+02
1.270214628400549230e+02
1.264764919641356613e+02
1.294124584213571723e+02
1.352062494671150716e+02
1.332085254069004918e+02
8.855009431983006607e+01
8.771375835451327418e+01
1.148012548964818365e+02
1.062295723724242151e+02
7.065311737332957875e+01
7.448222120040261984e+01
6.304516020224546224e+01
5.442646687199011524e+01
6.160171169576008765e+01
7.777755780507260397e+01
8.575241446545818746e+01
9.685322302215134016e+01
1.028287691693202532e+02
1.105811961996701598e+02
1.305274962037210855e+02
1.064158875649339961e+02
1.147884531582617171e+02
9.545916242434283561e+01
6.553254999777686862e+01
7.108120629728875883e+01
6.269895766312708929e+01
6.803363622977971659e+01
8.442083058158605979e+01
9.423756110736484004e+01
9.340391649082100400e+01
1.040532881270981420e+02
1.133682945304353211e+02
1.076976054639887366e+02
1.098013688770475937e+02
1.132712317101578492e+02
1.125499173657986773e+02
1.180794051502013673e+02
1.286915778398481223e+02
1.372467355851458137e+02
1.367542456227485559e+02
1.387897647295514219e+02
1.337425648104199070e+02
1.361434009970599845e+02
1.396430836256937482e+02
1.404830693174738769e+02
1.390012904484809155e+02
1.325660536312933573e+02
1.340495032695437772e+02
1.343490769854760742e+02
1.510498269935037854e+02
1.130812008772801391e+02
9.547896051729907185e+01
9.885041998188464163e+01
9.021889717184450319e+01
7.012343982338539661e+01
7.382563636581694766e+01
8.219005844082241197e+01
9.526591762106352235e+01
1.096015702097323725e+02
1.185742990673334134e+02
1.176219087570495674e+02
1.164917463153066848e+02
1.182789380987365746e+02
1.244273352011942251e+02
1.310806374406052441e+02
1.348149996659451801e+02
1.348345182688177601e+02
1.343245776877909634e+02
1.331794762428497165e+02
1.269767395130122907e+02
1.459235830445758211e+02
1.539873191476341390e+02
1.237571708976476117e+02
1.218574623700155826e+02
1.270200958806136384e+02
1.260948937663912091e+02
1.272433785278615375e+02
1.309402108944857730e+02
1.340809311075467747e+02
1.356232233220256944e+02
1.303046100894673316e+02
1.250913038477741281e+02
1.283874868712546515e+02
1.292964968742003578e+02
1.372947216836818427e+02
1.333195230578072881e+02
1.302994400099123595e+02
1.375012860277137463e+02
1.486642920887953494e+02
1.526934595979179221e+02
1.594233658112131593e+02
1.649083317283528629e+02
8.758316014266360128e+01
6.793608773660770339e+01
9.325856436950778061e+01
1.157621371493557092e+02
1.128099417381459659e+02
1.124715838139833153e+02
1.059398482113251134e+02
1.181191827796792921e+02
1.283287012438076999e+02
1.121710556186006755e+02
1.006795792626460013e+02
9.597651145214842927e+01
9.956738481873759383e+01
1.155736726026817252e+02
1.273669366855506553e+02
1.234406356771859805e+02
1.251196021636390867e+02
1.282170383978842381e+02
1.386057997731116131e+02
1.397162487941990889e+02
1.392871895598907770e+02
1.465045922985346465e+02
1.334683867208054266e+02
1.307682060526854002e+02
1.352760444304661291e+02
1.388098830711185201e+02
1.407613493433745191e+02
1.368777371411464969e+02
1.475530946526713478e+02
1.443278933568520017e+02
1.316029533731980621e+02
1.351396039782842422e+02
1.306066078029071491e+02
1.355550705989728044e+02
1.417418072142585856e+02
1.411923346942332955e+02
1.473032418122969318e+02
1.505861266938740926e+02
1.485415654307405759e+02
1.455213827769314605e+02
1.395956301630576490e+02
1.322688744768721847e+02
1.327220478298598039e+02
1.295090059778167131e+02
1.374625192885642377e+02
1.388829854350141773e+02
1.378583515519551952e+02
1.393626658118347450e+02
1.478930192406728565e+02
1.468270362007482390e+02
1.468657920154407464e+02
1.468343312553352007e+02
1.459252698340122265e+02
1.441517306616068481e+02
1.421067071909805577e+02
1.408400795051972239e+02
1.389092391581002062e+02
1.342809617974554328e+02
1.358916944572283114e+02
1.351673012166224623e+02
1.361035209867459912e+02
1.419332724926942433e+02
1.481309578784472478e+02
1.501443179206356717e+02
1.551304758010644775e+02
1.439807670806953013e+02
1.367498177331682996e+02
1.346897161433673773e+02
1.234879162951584703e+02
9.323359261279040311e+01
8.483143748131379880e+01
1.089291454373993702e+02
9.129263421652566990e+01
8.265567416115189303e+01
8.776884420171106171e+01
9.266387411440413757e+01
1.234297476285145478e+02
1.197840867120826545e+02
1.204295162423230465e+02
1.218160363228070082e+02
1.202305048454809508e+02
5.554289164522710109e+01
5.852780237379248263e+01
6.759041521559881005e+01
6.131682159963406775e+01
6.538480129820689513e+01
8.227316777244101331e+01
8.211024321840500306e+01
8.104752179136735890e+01
6.728906179922714159e+01
6.496302328694183359e+01
7.448178756835017111e+01
7.217755499835291744e+01
8.392171079720833404e+01
8.834090746297766827e+01
7.097597973584132092e+01
4.048679101633743471e+01
4.673452133038550471e+01
5.663635450001796556e+01
5.419330118166332966e+01
6.035908882590549496e+01
7.615224980790388543e+01
8.747715140915144616e+01
9.247041497417814071e+01
7.883265349050503801e+01
6.149357610552532805e+01
5.092908059253228714e+01
6.389572958604303210e+01
6.549596813476165380e+01
6.283031485853904030e+01
6.517928826316600066e+01
5.155624783944295331e+01
5.079621678952140940e+01
5.008047143682745173e+01
6.378223497995352886e+01
7.251077489062379300e+01
6.197218677014905808e+01
5.740071170456276661e+01
6.639551977544275019e+01
7.020170425733850550e+01
7.001875400523941551e+01
6.972041374099504196e+01
7.413785661676431005e+01
1.015510678159355109e+02
1.063284092199323254e+02
9.396726045524499682e+01
7.347472396343977152e+01
5.947780900764891499e+01
7.431108202770528237e+01
6.872194028292697965e+01
5.567100307371584478e+01
6.589084812316103523e+01
8.193004337514447855e+01
7.238926552989516949e+01
5.440099137245493921e+01
6.103663027038773237e+01
7.561136391863892925e+01
8.596697299912169399e+01
9.885456587957204988e+01
1.055096398418728256e+02
9.504623473330094896e+01
6.094643635523850378e+01
6.222556923199100254e+01
8.808447807987667488e+01
8.825428433311000731e+01
7.035685539091203111e+01
7.045285537264365416e+01
8.277150716348577930e+01
8.018822339773825547e+01
8.391517973211773551e+01
8.072800280259637873e+01
7.236567229574890803e+01
7.129198976925923148e+01
6.938802942756268521e+01
7.445951040336967708e+01
7.238682523731065999e+01
6.957374615593496969e+01
8.166747296021830493e+01
8.448682634423784066e+01
9.193844945505279043e+01
8.476975447809265063e+01
6.844578772233970199e+01
6.623592769729810925e+01
7.362590276323190608e+01
7.794703553608758284e+01
6.701600097794272415e+01
5.822647129519705800e+01
7.512287456580841649e+01
7.804580217680545218e+01
9.762189814774002627e+01
1.109277194505479969e+02
1.136679783022129868e+02
1.083135432857071265e+02
8.206116726595823252e+01
8.665149240273609621e+01
8.973669968897949900e+01
9.723502150658717369e+01
1.082495315515617733e+02
1.235118460392514805e+02
1.362511876446453414e+02
1.448581981507048511e+02
1.440777624055954504e+02
1.506145041053075033e+02
1.681570012274409578e+02
1.136441089924912831e+02
8.950565679164310495e+01
9.379643010280034332e+01
1.029785816120166260e+02
1.156413102334022653e+02
1.262578082696580566e+02
1.308948209353079903e+02
1.379985705290744420e+02
1.358859837637625390e+02
1.635662340836776139e+02
1.582212835306094689e+02
1.423458629354516347e+02
1.321981015029331843e+02
1.331346191489959097e+02
1.345345290948288834e+02
1.290829405566169612e+02
1.308685632431217414e+02
1.411594306658253686e+02
1.459198315822850418e+02
1.514740090391150318e+02
1.487780887999801394e+02
1.475333598731862708e+02
1.469587681390509601e+02
1.401079167128922052e+02
1.383669370640745910e+02
1.381534696273176337e+02
1.299429030122478537e+02
1.237085728229674544e+02
1.173802652326495775e+02
1.055419670370648220e+02
1.119232211738715961e+02
1.239743731088697416e+02
1.355147770075992639e+02
1.364133818743528650e+02
1.450882402405105154e+02
1.468280347149157592e+02
1.538178673414435025e+02
1.519708787587876486e+02
1.561924132342595612e+02
1.459764336905988671e+02
1.348682208592508687e+02
1.352115203707407431e+02
1.374731327307172251e+02
1.450339288772767645e+02
1.413012819647489096e+02
1.452196639281651755e+02
1.438136690815769327e+02
1.406764918826588087e+02
1.447074826817377584e+02
1.442496374817531546e+02
1.393647172089648620e+02
1.365108817691513536e+02
1.368514619846998244e+02
1.417834072655689113e+02
1.462004431773637521e+02
1.395224875029181248e+02
1.369608368333976784e+02
1.437084408375506541e+02
1.479163842497543442e+02
1.440449526484177056e+02
1.168736080774218067e+02
7.646072511480427636e+01
8.371464305986825138e+01
9.536494109148773646e+01
1.108375550589645684e+02
1.265466270381960356e+02
1.339906416942303053e+02
1.336479888689601978e+02
1.384178577612248944e+02
1.492854170987377245e+02
1.482787863709471878e+02
1.482898345165579883e+02
1.520338470290552095e+02
1.480385189984741885e+02
1.498697976285758955e+02
1.398731204356838589e+02
1.428543623971673071e+02
1.509052595074800820e+02
1.483820998990788667e+02
1.453926368388098922e+02
1.358710727736260822e+02
1.335194446110348565e+02
1.334389119942643447e+02
1.434287740445994928e+02
1.444132238680275293e+02
1.554835427316267555e+02
1.493234210138941194e+02
1.412179155858767672e+02
1.478803846351419224e+02
1.499605357133128791e+02
1.505557635628701405e+02
1.511391341156377450e+02
1.469356105937164898e+02
1.458653423311336041e+02
1.611031592835863648e+02
1.417198492970530879e+02
9.187446377773989070e+01
7.469618887170008747e+01
8.740778209048100678e+01
1.059354312035381724e+02
1.205548752944324349e+02
1.239610745870692199e+02
1.276741720330809216e+02
1.350306434593597373e+02
1.338331437263913415e+02
1.361479290090315430e+02
1.341546024678020785e+02
1.385350565952414286e+02
1.470058528105857931e+02
1.564517809268321002e+02
1.511355335920686400e+02
1.417332929535809001e+02
1.422168466999388556e+02
1.488880387777818157e+02
1.547060877987462391e+02
1.473683612581652937e+02
1.441954522444619897e+02
1.397566817830885384e+02
1.400199070635300700e+02
1.386982077833752101e+02
1.399222961348362446e+02
1.387742671525565470e+02
1.398553862231105995e+02
1.418455488556507476e+02
1.459773636398882957e+02
1.463934590236336248e+02
1.493326772994777230e+02
1.522557207219122120e+02
1.527575251844212403e+02
1.526910134558246170e+02
1.515020775254616865e+02
1.486568367469232044e+02
1.421201487341051575e+02
1.356307419148911322e+02
1.375581942353374529e+02
1.327233274361646522e+02
1.425769366760653156e+02
8.375160092077268814e+01
8.854625112724428959e+01
9.361622948772611608e+01
1.105177449919277137e+02
1.205738622516964682e+02
1.310147370166397423e+02
1.362376907074568919e+02
1.414154317876014773e+02
1.456891334982580020e+02
1.433677786816230650e+02
1.466025304843655306e+02
1.389031096833522838e+02
1.345740367642519288e+02
1.249476008905010076e+02
1.334622549072083189e+02
1.426652564555587333e+02
1.442911657724521888e+02
1.518622018801630134e+02
1.528141541565032639e+02
1.589337614342774714e+02
1.424822296108468720e+02
1.411174730124343455e+02
1.429370541427966259e+02
1.456254125034184881e+02
1.438791303250242208e+02
1.442878189285314079e+02
1.404214052440305522e+02
1.427213522131489469e+02
1.378772132316864543e+02
1.311017280337658235e+02
1.326837000878070398e+02
1.379100053917725859e+02
1.389450977410360224e+02
1.417131497041005446e+02
1.449146429961828062e+02
1.533705971945521753e+02
1.475804039529764964e+02
1.394179493891625157e+02
1.363708161378649208e+02
1.441121221738980012e+02
1.582209772464228479e+02
1.205136332232157486e+02
1.117547409393993405e+02
1.041550916341526829e+02
1.033657495688470647e+02
1.069405472441380738e+02
1.180818754094382399e+02
1.390804452988120659e+02
1.466462086834241632e+02
1.518050410523354969e+02
1.506573021307007139e+02
1.541049997393877504e+02
1.509882101705471200e+02
1.451248841939998329e+02
1.390050096289024850e+02
1.499628404428291617e+02
1.442694630048587214e+02
1.405079970902983746e+02
1.409928426626265434e+02
1.473019907812751228e+02
1.512942675206321610e+02
1.506433865301341655e+02
1.477196995257813796e+02
1.491652354477151334e+02
1.439286718763291333e+02
1.549982051654430961e+02
1.588945367125540429e+02
1.559736438920433272e+02
1.470802315673743124e+02
1.421014087973870517e+02
1.262680699523990882e+02
1.329761417896886542e+02
1.327008280949949892e+02
1.471883066614524296e+02
1.455145803401336480e+02
1.471488755886953754e+02
1.425663973784226641e+02
1.456892739397513310e+02
1.588603982128464907e+02
1.430097504697197053e+02
1.346349615332891858e+02
1.347825607707347331e+02
1.341092291910520657e+02
1.413090796775643412e+02
1.501961264746732354e+02
1.565898223476932856e+02
1.542649122474190051e+02
1.446246585855637932e+02
1.378880393319691393e+02
1.367268302577596160e+02
1.373221714430387124e+02
1.404668287087935425e+02
1.475045781496140194e+02
1.468334445340891534e+02
1.531018701998852407e+02
1.565750058971743783e+02
1.528618183719992771e+02
1.552331020165650841e+02
1.570775299589018914e+02
1.529942837236596347e+02
1.440287580154381430e+02
1.349463830499043979e+02
1.334603954894153333e+02
1.386761227337813125e+02
1.453840081604278112e+02
1.412501494707124721e+02
1.348754310041328210e+02
1.238774881759813553e+02
1.326036033584570646e+02
1.333213532144980036e+02
1.358620488539017401e+02
1.419005001281701652e+02
1.481865376679880342e+02
1.456757638507874617e+02
1.508667380846922583e+02
1.522944922197006292e+02
1.517776826810394368e+02
1.426860895764321810e+02
1.383437331955406080e+02
1.432092444347229048e+02
1.469859714295055824e+02
1.436664234462768945e+02
1.371806981642375263e+02
1.397101583047663951e+02
1.425064796713112685e+02
1.397403437713505241e+02
1.462803955670720484e+02
1.479842968991260364e+02
1.324362893326853623e+02
1.326170024053286909e+02
1.361239919878903493e+02
1.450708901134886730e+02
1.529827532316051588e+02
1.594620611070342875e+02
1.562327702102414548e+02
1.519968643110367452e+02
1.451794801504483416e+02
1.319680336991779939e+02
1.333502971996869633e+02
1.376214743765007711e+02
1.362950497683772539e+02
1.434554604000146014e+02
1.473281105819914956e+02
1.486276979685341644e+02
1.521275634585142029e+02
1.454569851872320783e+02
1.578388598841210069e+02
1.432071451708661698e+02
1.299831986993613668e+02
1.232052131524812921e+02
1.288347354522944954e+02
1.396275912917818118e+02
1.470179657861549458e+02
1.495990393720868212e+02
1.491117752270419317e+02
1.448341839517887877e+02
1.400118577942315596e+02
1.367876066760268543e+02
1.407922512019754038e+02
1.468409930759593749e+02
1.500397857619031754e+02
1.511736533123173558e+02
1.469284171907805501e+02
1.474609951895708662e+02
1.320122418233842723e+02
1.287092610401680020e+02
1.304459142403004819e+02
1.313171594307840451e+02
1.309118044580744709e+02
1.424983911729511306e+02
1.396118364426679648e+02
1.660660591782113613e+02
1.545612570824044951e+02
1.277739584683022827e+02
1.286886979220832927e+02
1.363251609460319855e+02
1.312406130820174894e+02
1.399893625870707297e+02
1.475968866275660218e+02
1.613068568856920137e+02
1.333761952320639921e+02
1.182064496569520031e+02
1.145789632613028033e+02
1.429873887743661953e+02
1.311885898845422389e+02
1.342717151430871922e+02
1.330839946991717397e+02
1.342250486300168575e+02
1.384528731518481095e+02
1.435807971768477103e+02
1.427501617530606666e+02
1.575291401579304988e+02
1.398862292162745860e+02
9.351017281634734957e+01
9.712665550115042379e+01
1.101307221188701533e+02
1.196741518901374377e+02
1.323421052194469780e+02
1.344288712561427985e+02
1.382692555105802512e+02
1.564730919243626204e+02
1.463231057276662455e+02
1.420038911099312315e+02
1.363428385998645069e+02
1.398315090773290876e+02
1.375278702355475389e+02
1.339920110508112430e+02
1.172808344701005865e+02
1.204782390395766640e+02
1.258309001989847076e+02
1.326012031997203167e+02
1.369553243917303291e+02
1.454275076152109705e+02
1.479877207644989880e+02
1.350762219449074166e+02
1.316410572992643893e+02
1.438398044549220458e+02
1.340763003964052587e+02
1.360787211139090971e+02
1.378609360142129958e+02
1.418827270430194289e+02
1.444282450301988945e+02
1.451435266245796072e+02
1.451707648286885615e+02
1.305156149376101951e+02
1.241818239507477273e+02
1.171825931151681459e+02
1.244288129377419949e+02
1.247696313139095281e+02
1.260168035621960883e+02
1.315207255579049956e+02
1.357169981056732126e+02
1.323570780137661131e+02
1.356923604645730563e+02
1.350093258967258976e+02
1.441834003118962642e+02
1.365186587519595491e+02
1.387319568036932083e+02
1.275879050409746611e+02
1.253479174445761544e+02
1.320370296605217391e+02
1.317033212313812669e+02
1.355263235503286978e+02
1.297297995370347508e+02
1.344943469880781777e+02
1.381138379375904321e+02
1.387552383319213050e+02
1.309578455116141242e+02
1.356796667045279321e+02
1.373431151734010598e+02
9.238944534910839934e+01
9.512050820069310930e+01
1.048418329822330008e+02
1.173962600070068731e+02
1.288314867498027638e+02
1.465087091813594498e+02
1.407499247464129724e+02
1.375637106255213666e+02
1.517684443998480504e+02
1.475693914627464949e+02
1.432668130626313712e+02
1.342216469334196063e+02
1.245479400715840654e+02
1.404288138478037808e+02
1.386224476347161954e+02
1.333351314796622660e+02
1.172078220091800915e+02
1.189515253113205802e+02
1.328548886581696706e+02
1.429845661430364316e+02
1.505991668624027113e+02
1.395508235790692311e+02
1.431877103229957129e+02
1.433102915579576688e+02
1.480479660840893530e+02
1.398436532775269825e+02
1.387467606378792766e+02
1.472338488055078187e+02
1.528854313212528950e+02
1.461941045680190996e+02
1.471857438654631665e+02
1.375958118858952162e+02
1.408801287169629290e+02
1.422174988193787897e+02
1.403187989916475544e+02
1.309270076880278566e+02
1.391989608821050410e+02
1.279976799182818752e+02
1.313952855931085537e+02
1.401281458848651198e+02
1.510346223103192358e+02
1.514689400851009395e+02
1.517765815104573619e+02
1.600034346709263389e+02
1.550978557234985828e+02
1.453950832172227479e+02
1.396793487189964083e+02
1.342372910585433488e+02
1.394913401385474003e+02
1.451020190030715185e+02
1.537577328739439508e+02
1.526903238628476061e+02
1.496783852946778097e+02
1.457059127074444973e+02
1.448015370927977017e+02
1.514349885304180248e+02
1.466629378159291832e+02
1.407613598878228345e+02
1.328167873748289196e+02
1.480286676446139609e+02
1.346262945662369930e+02
1.228190177410804438e+02
1.230116453339084899e+02
1.294409051302783951e+02
1.366365160942021930e+02
1.424198246727491437e+02
1.410080992138480553e+02
1.376985023285886598e+02
1.447136288024225905e+02
1.506015210432423146e+02
1.445266285889820210e+02
1.532956154202228731e+02
1.371936462034319391e+02
1.347321993430759619e+02
1.332314220527453585e+02
1.463950268586060304e+02
1.429994833499884521e+02
1.451472493346036003e+02
1.503696793329851289e+02
1.489594040212594734e+02
1.447212599209262578e+02
1.384151332457192893e+02
1.389278325271103824e+02
1.323356078282020292e+02
1.391855885497559200e+02
1.382496481329137339e+02
1.377160766589051377e+02
1.371925540904407228e+02
1.437301869895878212e+02
1.398425723438565456e+02
1.455760432632962420e+02
1.491596571531945870e+02
1.546060103791061238e+02
1.570782890737342541e+02
1.524931901876836378e+02
1.525392337023612868e+02
1.488515641465139367e+02
1.481461279004772109e+02
1.437060979987343217e+02
1.478022444351978777e+02
1.468001902059251620e+02
1.413566538892150106e+02
1.473870140829537547e+02
1.442007231024305725e+02
1.393474573730873942e+02
1.358618015365371718e+02
1.364682857791778758e+02
1.413429843651115903e+02
1.488619811434065241e+02
1.427021122618504592e+02
1.493799305312959973e+02
1.520632944211650113e+02
1.516033523252153543e+02
1.490005290055235605e+02
1.426144056256648014e+02
1.428536769833577580e+02
1.483110985855940953e+02
1.572861160854470484e+02
1.376595398653326470e+02
1.101899910276880519e+02
1.109922174966194461e+02
1.085085961624954081e+02
1.221132362759633736e+02
1.260674277996736521e+02
1.060951454822056235e+02
7.499555068903677579e+01
7.618725037202402461e+01
1.027349846032123537e+02
1.013457439799053503e+02
1.304252220283073598e+02
1.216637360580728995e+02
1.248122448408514629e+02
1.109295396227124115e+02
1.262781350679835271e+02
1.172746613535928191e+02
1.110788662365012556e+02
1.191854335246067365e+02
1.179793254705550964e+02
1.236286665000844636e+02
1.356369590225046977e+02
1.168342080720361906e+02
1.161563743772503443e+02
1.217846421352091966e+02
1.295112558898982229e+02
1.320824292761466836e+02
1.400109752796156215e+02
1.448265104652224977e+02
1.422538424743520693e+02
1.362262666277921994e+02
1.336431670937765830e+02
1.309968775805228915e+02
1.321411546420026468e+02
1.320281996038815464e+02
1.437805235563942858e+02
1.354392004104046521e+02
1.311992126738959996e+02
1.287199700830440179e+02
1.294838999708498477e+02
1.251475624303681968e+02
1.278057923099026425e+02
1.527264182083762023e+02
1.536918970768185773e+02
1.311936795195707646e+02
1.227025707295666166e+02
1.307835154839997927e+02
1.362106812122119663e+02
1.540034387067324815e+02
1.489135003502556458e+02
1.300589267047070337e+02
1.164257674477925946e+02
1.203727206580024358e+02
1.337612240759248436e+02
1.487649138471190611e+02
1.226561556889230644e+02
9.766280049936192142e+01
9.498109422089447662e+01
1.137480561345009562e+02
1.171100475287145741e+02
1.205242281150319172e+02
1.254539162674547299e+02
1.304100461501868722e+02
1.264738426256875385e+02
1.310322729400175490e+02
1.296239281945059929e+02
1.332364046738703678e+02
1.406759387386848630e+02
1.371925925366213619e+02
1.316714982977616160e+02
1.276037530614285060e+02
1.279755741150378157e+02
1.310100833624576637e+02
1.372480885788740466e+02
1.404378453654299506e+02
1.426461063585835802e+02
1.440008152985539596e+02
1.373963724994259223e+02
1.348577345697329690e+02
1.365832303455456440e+02
1.373836292659127309e+02
1.403119574489026604e+02
1.393115712040075209e+02
1.345538011420300393e+02
1.414526514085774807e+02
1.540011656747927304e+02
1.302168262976431379e+02
1.237075846958315992e+02
1.224062231201702957e+02
1.314105089114188729e+02
1.389536572117127662e+02
1.497968787909501032e+02
1.486149721446311105e+02
1.511721621285027481e+02
1.533968166886871813e+02
1.444463825961886698e+02
1.031301727194111351e+02
9.883594110819824152e+01
1.107072670946563449e+02
1.172312733059217322e+02
1.206825454553325869e+02
1.286181249113814147e+02
1.346707311601177253e+02
1.458286506853560525e+02
1.673620459206647411e+02
1.384283351417907397e+02
1.383223306465438895e+02
1.422699475114817460e+02
1.611445196060010403e+02
1.546943156325858126e+02
1.446926319665349752e+02
1.307729742641323867e+02
1.237544540309315266e+02
1.272614191423688510e+02
1.379521904376516659e+02
1.378869168155171394e+02
1.412620192321420518e+02
1.442320974949893753e+02
1.358366674677382662e+02
1.328552094762926572e+02
1.349703193595590562e+02
1.364262341978575819e+02
1.291906030135686478e+02
1.273911370191748773e+02
1.282701619120075236e+02
1.382336288836523295e+02
1.378533001130199978e+02
1.393343311831130791e+02
1.362731765050179149e+02
1.443683874568442889e+02
1.264662885783077684e+02
1.184151821452958728e+02
1.212771220767007776e+02
1.287920616439640185e+02
1.372391362914287924e+02
1.380802685926252025e+02
1.457530004381892752e+02
1.439616079578833308e+02
1.380146615412545543e+02
1.407826498666406394e+02
1.436273003625083788e+02
1.386424827533104747e+02
1.392999886739279134e+02
1.386003829417252575e+02
1.293165544904548483e+02
1.248442406219261045e+02
1.259938112090636793e+02
1.275250640346388167e+02
1.262041713828121914e+02
1.307093755329216833e+02
1.337335727634729778e+02
1.343071712526204351e+02
1.378035679715376034e+02
1.397505437688523671e+02
1.323936351411750820e+02
1.298451203771043083e+02
1.322052414880318167e+02
1.336819851059957784e+02
1.338297306628065257e+02
1.388307592834225943e+02
1.363070066324857521e+02
1.397827814174400487e+02
1.375444690404447954e+02
1.310020639072899087e+02
1.338096412621800937e+02
1.448387145881733602e+02
1.259765449977494427e+02
1.028169245752149266e+02
1.066078222501715231e+02
1.141164408399474581e+02
1.237111363057240254e+02
1.324771904487550103e+02
1.431881139507093792e+02
1.413849247112908074e+02
1.681490754233480516e+02
1.106669333297267315e+02
3.952313713755546587e+01
5.228504821334707486e+01
7.789010511607418152e+01
1.051367925452397429e+02
1.189519269218118751e+02
1.246868918424920736e+02
1.191331436235869035e+02
1.350354834824729551e+02
1.074696103075250448e+02
1.071896412530454938e+02
1.057766728925113568e+02
1.164564424326452468e+02
1.183800546672249965e+02
1.398094432947921177e+02
6.249503849346123729e+01
5.161371915850092051e+01
5.845678220253506652e+01
7.564879201601264924e+01
1.251501686186152114e+02
9.080431381812741165e+01
4.582166226531809627e+01
4.766414419120181378e+01
6.229697517200949619e+01
5.687668291105033802e+01
6.412201314392710572e+01
7.523416905111936615e+01
8.692866651873842443e+01
9.565309988197023472e+01
1.135930829587774866e+02
5.640974369046957548e+01
3.974703475437449640e+01
6.849542019478795396e+01
7.077355389446870504e+01
6.829313875734126782e+01
4.461755955947253938e+01
4.465046377626988772e+01
4.974865586746382462e+01
6.143116348087281153e+01
5.643905521750758680e+01
6.684986818400777508e+01
6.897219804944023736e+01
7.644214518641408063e+01
8.104665212392221463e+01
1.046000086981385948e+02
